0.48
0.49
0.03
0.09
0.20
0.36
0.15
0.67
0.44
0.34
0.58
0.43
0.24
0.57
0.64
0.29
0.17
0.35
0.18
0.31
0.11
0.21
0.34
0.03
0.54
0.45
0.77
0.31
0.58
0.43
0.64
0.21
0.58
0.55
0.52
0.48
0.58
0.49
0.35
0.53
0.35
0.06
0.68
0.73
0.12
0.03
0.51
0.49
0.35
0.32
0.19
0.56
0.76
0.69
0.02
0.27
0.14
0.41
0.22
0.12
0.23
0.04
0.47
0.16
0.35
0.51
0.70
0.77
0.22
0.33
0.64
0.77
0.12
0.28
0.10
0.19
0.17
0.27
0.36
0.69
0.49
0.75
0.38
0.04
0.60
0.56
0.47
0.71
0.44
0.61
0.29
0.42
0.14
0.47
0.55
0.22
0.26
0.64
0.78
0.78
0.21
0.77
0.23
0.70
0.77
0.51
0.60
0.44
0.25
0.32
0.41
0.21
0.14
0.02
0.36
0.39
0.61
0.13
0.69
0.71
0.63
0.59
0.53
0.34
0.41
0.45
0.75
0.20
0.50
0.13
0.57
0.19
0.42
0.45
0.35
0.26
0.44
0.37
0.63
0.61
0.27
0.37
0.42
0.12
0.22
0.39
0.38
0.43
0.22
0.32
0.27
0.76
0.05
0.49
0.66
0.70
0.43
0.34
0.23
0.16
0.63
0.27
0.24
0.19
0.29
0.15
0.09
0.11
0.27
0.37
0.67
0.29
0.30
0.14
0.29
0.53
0.73
0.15
0.14
0.33
0.15
0.58
0.09
0.71
0.48
0.35
0.51
0.68
0.29
0.25
0.37
0.37
0.47
0.62
0.40
0.56
0.47
0.71
0.62
0.03
0.36
0.69
0.22
0.48
0.22
0.48
0.59
0.61
0.51
0.49
0.37
0.68
0.38
0.31
0.06
0.05
0.38
0.15
0.60
0.43
0.65
0.10
0.59
0.47
0.28
0.14
0.43
0.55
0.16
0.67
0.41
0.78
0.59
0.73
0.72
0.74
0.34
0.12
0.62
0.53
0.61
0.05
0.60
0.59
0.14
0.62
0.40
0.67
0.54
0.75
0.36
0.51
0.25
0.25
0.36
0.39
0.16
0.49
0.32
0.42
0.03
0.19
0.18
0.67
0.38
0.60
0.62
0.43
0.76
0.45
0.13
0.48
0.49
0.51
0.25
0.23
0.23
0.22
0.11
0.66
0.73
0.14
0.46
0.56
0.31
0.72
0.26
0.35
0.50
0.27
0.32
0.32
0.18
0.73
0.51
0.25
0.40
0.63
0.02
0.63
0.55
0.04
0.31
0.54
0.23
0.58
0.43
0.23
0.36
0.52
0.48
0.33
0.43
0.03
0.07
0.06
0.72
0.27
0.28
0.33
0.45
0.54
0.08
0.28
0.20
0.54
0.02
0.58
0.43
0.46
0.57
0.23
0.38
0.26
0.29
0.16
0.09
0.73
0.28
0.16
0.75
0.34
0.31
0.52
0.15
0.42
0.37
0.02
0.22
0.04
0.32
0.11
0.20
0.49
0.37
0.20
0.49
0.46
0.42
0.66
0.01
0.63
0.16
0.19
0.39
0.68
0.43
0.60
0.22
0.60
0.32
0.75
0.52
0.03
0.23
0.40
0.45
0.71
0.18
0.62
0.11
0.56
0.67
0.45
0.63
0.55
0.16
0.33
0.39
0.67
0.41
0.25
0.64
0.33
0.53
0.34
0.55
0.70
0.76
0.52
0.67
0.46
0.18
0.27
0.41
0.62
0.27
0.50
0.51
0.17
0.09
0.77
0.18
0.51
0.44
0.53
0.75
0.18
0.54
0.60
0.10
0.33
0.55
0.38
0.10
0.32
0.08
0.38
0.30
0.15
0.10
0.58
0.25
0.69
0.44
0.67
0.09
0.76
0.65
0.55
0.53
0.72
0.20
0.76
0.39
0.43
0.06
0.71
0.65
0.57
0.66
0.77
0.35
0.15
0.70
0.11
0.71
0.64
0.54
0.68
0.24
0.07
0.04
0.48
0.62
0.19
0.09
0.09
0.70
0.46
0.52
0.64
0.41
0.53
0.66
0.13
0.49
0.13
0.55
0.76
0.40
0.08
0.42
0.07
0.19
0.19
0.62
0.28
0.13
0.19
0.08
0.42
0.21
0.70
0.28
0.04
0.50
0.51
0.23
0.63
0.09
0.05
0.61
0.51
0.76
0.29
0.19
0.24
0.60
0.31
0.58
0.34
0.28
0.57
0.78
0.03
0.33
0.36
0.06
0.11
0.03
0.33
0.26
0.23
0.42
0.39
0.46
0.23
0.33
0.59
0.39
0.08
0.37
0.42
0.07
0.56
0.31
0.32
0.25
0.61
0.24
0.24
0.71
0.55
0.03
0.45
0.47
0.23
0.14
0.48
0.31
0.54
0.59
0.40
0.21
0.76
0.63
0.11
0.16
0.30
0.71
0.33
0.22
0.42
0.43
0.07
0.49
0.45
0.55
0.66
0.74
0.64
0.59
0.63
0.25
0.68
0.44
0.58
0.67
0.50
0.59
0.75
0.26
0.48
0.07
0.25
0.44
0.30
0.30
0.11
0.43
0.23
0.37
0.59
0.29
0.03
0.40
0.34
0.64
0.61
0.60
0.31
0.55
0.51
0.11
0.15
0.62
0.12
0.45
0.66
0.17
0.17
0.17
0.47
0.28
0.35
0.49
0.02
0.44
0.68
0.27
0.38
0.09
0.74
0.39
0.34
0.29
0.16
0.58
0.16
0.75
0.35
0.12
0.77
0.69
0.37
0.20
0.63
0.19
0.26
0.35
0.50
0.12
0.08
0.68
0.25
0.55
0.65
0.20
0.57
0.64
0.51
0.47
0.32
0.76
0.07
0.14
0.44
0.32
0.43
0.56
0.34
0.56
0.27
0.64
0.26
0.75
0.42
0.54
0.41
0.66
0.28
0.44
0.38
0.56
0.69
0.60
0.71
0.17
0.59
0.20
0.30
0.43
0.50
0.39
0.69
0.17
0.07
0.69
0.15
0.01
0.60
0.49
0.62
0.22
0.33
0.33
0.33
0.07
0.29
0.13
0.29
0.53
0.15
0.42
0.64
0.76
0.57
0.12
0.22
0.40
0.15
0.71
0.63
0.46
0.48
0.62
0.68
0.51
0.77
0.55
0.25
0.24
0.57
0.71
0.61
0.49
0.31
0.65
0.45
0.44
0.54
0.77
0.68
0.51
0.26
0.60
0.51
0.60
0.12
0.49
0.73
0.34
0.27
0.44
0.44
0.13
0.39
0.61
0.77
0.59
0.02
0.01
0.56
0.12
0.42
0.26
0.51
0.13
0.15
0.28
0.04
0.72
0.63
0.48
0.30
0.26
0.27
0.51
0.50
0.58
0.16
0.40
0.30
0.08
0.37
0.48
0.10
0.56
0.37
0.66
0.27
0.48
0.57
0.04
0.44
0.29
0.74
0.58
0.57
0.44
0.23
0.75
0.02
0.28
0.56
0.18
0.52
0.77
0.29
0.63
0.67
0.31
0.67
0.31
0.41
0.58
0.54
0.16
0.51
0.13
0.43
0.08
0.17
0.47
0.65
0.05
0.50
0.24
0.05
0.43
0.42
0.71
0.23
0.23
0.53
0.15
0.32
0.56
0.25
0.45
0.37
0.05
0.61
0.53
0.64
0.23
0.55
0.44
0.72
0.15
0.36
0.08
0.08
0.23
0.64
0.55
0.71
0.37
0.67
0.51
0.76
0.56
0.77
0.40
0.14
0.41
0.65
0.77
0.08
0.45
0.62
0.10
0.54
0.14
0.03
0.61
0.25
0.42
0.04
0.62
0.01
0.19
0.65
0.57
0.64
0.07
0.56
0.16
0.51
0.71
0.59
0.72
0.11
0.27
0.07
0.37
0.34
0.75
0.55
0.16
0.33
0.74
0.65
0.51
0.19
0.57
0.73
0.43
0.19
0.54
0.55
0.65
0.04
0.65
0.21
0.38
0.21
0.18
0.20
0.68
0.63
0.72
0.71
0.33
0.46
0.29
0.45
0.51
0.11
0.35
0.27
0.67
0.26
0.38
0.45
0.58
0.73
0.75
0.17
0.27
0.76
0.65
0.06
0.72
0.04
0.22
0.42
0.29
0.56
0.19
0.08
0.37
0.34
0.26
0.29
0.15
0.56
0.09
0.23
0.61
0.46
0.12
0.72
0.73
0.38
0.73
0.06
0.67
0.04
0.29
0.65
0.11
0.52
0.06
0.25
0.32
0.44
0.71
0.69
0.05
0.01
0.49
0.30
0.37
0.17
0.08
0.50
0.18
0.26
0.65
0.17
0.62
0.73
0.35
0.15
0.50
0.08
0.29
0.66
0.32
0.06
0.18
0.27
0.59
0.35
0.75
0.22
0.07
0.37
0.43
